   9.9998899098438199E-01   
   9.9994199460684569E-01   
   9.9985744636997934E-01
   9.9973533067104273E-01   
   9.9957564979831074E-01   
   9.9937840920259910E-01
   9.9914361611237821E-01   
   9.9887127927544937E-01   
   9.9856140889003960E-01
   9.9821401658161281E-01   
   9.9782911539356281E-01   
   9.9740671978284971E-01
   9.9694684561760384E-01   
   9.9644951017557731E-01   
   9.9591473214297723E-01
   9.9534253161346573E-01   
   9.9473293008722813E-01   
   9.9408595047005585E-01
   9.9340161707241471E-01   
   9.9267995560848655E-01   
   9.9192099319517149E-01
   9.9112475835104805E-01   
   9.9029128099528688E-01   
   9.8942059244651579E-01
   9.8851272542163502E-01   
   9.8756771403458281E-01   
   9.8658559379504919E-01
   9.8556640160713790E-01   
   9.8451017576797847E-01   
   9.8341695596628395E-01
   9.8228678328085978E-01   
   9.8111970017905710E-01   
   9.7991575051517825E-01
   9.7867497952882627E-01   
   9.7739743384320583E-01   
   9.7608316146337016E-01
   9.7473221177441701E-01   
   9.7334463553963243E-01   
   9.7192048489858358E-01
   9.7045981336515881E-01   
   9.6896267582555657E-01   
   9.6742912853622382E-01
   9.6585922912174072E-01   
   9.6425303657265603E-01   
   9.6261061124327031E-01
   9.6093201484936771E-01   
   9.5921731046589721E-01   
   9.5746656252460206E-01
   9.5567983681159873E-01   
   9.5385720046490590E-01   
   9.5199872197191972E-01
   9.5010447116684187E-01   
   9.4817451922805511E-01   
   9.4620893867544793E-01
   9.4420780336769050E-01   
   9.4217118849945888E-01   
   9.4009917059860937E-01
   9.3799182752330302E-01   
   9.3584923845908043E-01   
   9.3367148391588538E-01
   9.3145864572504034E-01   
   9.2921080703617110E-01   
   9.2692805231408295E-01
   9.2461046733558566E-01   
   9.2225813918627183E-01   
   9.1987115625724365E-01
   9.1744960824179100E-01   
   9.1499358613202298E-01   
   9.1250318221544608E-01
   9.0997849007149919E-01   
   9.0741960456803550E-01   
   9.0482662185775802E-01
   9.0219963937460683E-01   
   8.9953875583009795E-01   
   8.9684407120961377E-01
   8.9411568676864658E-01   
   8.9135370502899270E-01   
   8.8855822977490182E-01
   8.8572936604917536E-01   
   8.8286722014922102E-01   
   8.7997189962305709E-01
   8.7704351326527221E-01   
   8.7408217111293727E-01   
   8.7108798444146998E-01
   8.6806106576045396E-01   
   8.6500152880941142E-01   
   8.6190948855352908E-01
   8.5878506117933746E-01   
   8.5562836409034656E-01   
   8.5243951590263261E-01
   8.4921863644038273E-01   
   8.4596584673139064E-01   
   8.4268126900251046E-01
   8.3936502667506282E-01   
   8.3601724436019744E-01   
   8.3263804785421134E-01
   8.2922756413382126E-01   
   8.2578592135139242E-01   
   8.2231324883012364E-01
   8.1880967705918687E-01   
   8.1527533768882493E-01   
   8.1171036352540426E-01
   8.0811488852642428E-01   
   8.0448904779548454E-01   
   8.0083297757720707E-01
   7.9714681525211751E-01   
   7.9343069933148309E-01   
   7.8968476945210726E-01
   7.8590916637108296E-01   
   7.8210403196050413E-01   
   7.7826950920213370E-01
   7.7440574218203174E-01   
   7.7051287608514057E-01   
   7.6659105718982995E-01
   7.6264043286240023E-01   
   7.5866115155154485E-01   
   7.5465336278277256E-01
   7.5061721715278801E-01   
   7.4655286632383406E-01   
   7.4246046301799236E-01
   7.3834016101144426E-01   
   7.3419211512869301E-01   
   7.3001648123674658E-01
   7.2581341623925921E-01   
   7.2158307807063797E-01   
   7.1732562569010522E-01
   7.1304121907572841E-01   
   7.0873001921840701E-01   
   7.0439218811582388E-01
   7.0002788876635728E-01   
   6.9563728516295708E-01   
   6.9122054228698164E-01
   6.8677782610199902E-01   
   6.8230930354755090E-01   
   6.7781514253287874E-01
   6.7329551193061511E-01   
   6.6875058157043838E-01   
   6.6418052223269052E-01
   6.5958550564196020E-01   
   6.5496570446063020E-01   
   6.5032129228238929E-01
   6.4565244362570894E-01   
   6.4095933392728643E-01   
   6.3624213953545163E-01
   6.3150103770354153E-01   
   6.2673620658323920E-01   
   6.2194782521787932E-01
   6.1713607353572117E-01   
   6.1230113234318693E-01   
   6.0744318331806838E-01
   6.0256240900269940E-01   
   5.9765899279709769E-01   
   5.9273311895207211E-01
   5.8778497256230077E-01   
   5.8281473955937443E-01   
   5.7782260670481100E-01
   5.7280876158303736E-01   
   5.6777339259434069E-01   
   5.6271668894778898E-01
   5.5763884065412194E-01   
   5.5254003851861023E-01   
   5.4742047413388657E-01
   5.4228033987274613E-01   
   5.3711982888091782E-01   
   5.3193913506980653E-01
   5.2673845310920775E-01   
   5.2151797841999087E-01   
   5.1627790716675740E-01
   5.1101843625046993E-01   
   5.0573976330105216E-01   
   5.0044208666996438E-01
   4.9512560542274860E-01   
   4.8979051933154981E-01   
   4.8443702886760862E-01
   4.7906533519372843E-01   
   4.7367564015671664E-01   
   4.6826814627980004E-01
   4.6284305675501475E-01   
   4.5740057543557127E-01   
   4.5194090682819410E-01
   4.4646425608543755E-01   
   4.4097082899797662E-01   
   4.3546083198687473E-01
   4.2993447209582657E-01   
   4.2439195698337875E-01   
   4.1883349491512629E-01
   4.1325929475588769E-01   
   4.0766956596185556E-01   
   4.0206451857272691E-01
   3.9644436320381056E-01   
   3.9080931103811251E-01   
   3.8515957381840117E-01
   3.7949536383925056E-01   
   3.7381689393906339E-01   
   3.6812437749207307E-01
   3.6241802840032642E-01   
   3.5669806108564566E-01   
   3.5096469048157149E-01
   3.4521813202528663E-01   
   3.3945860164952100E-01   
   3.3368631577443711E-01
   3.2790149129949849E-01   
   3.2210434559531884E-01   
   3.1629509649549489E-01
   3.1047396228842046E-01   
   3.0464116170908426E-01   
   2.9879691393085071E-01
   2.9294143855722443E-01   
   2.8707495561359795E-01   
   2.8119768553898468E-01
   2.7530984917773504E-01   
   2.6941166777123866E-01   
   2.6350336294961036E-01
   2.5758515672336265E-01   
   2.5165727147506337E-01   
   2.4571992995097924E-01
   2.3977335525270618E-01   
   2.3381777082878589E-01   
   2.2785340046630959E-01
   2.2188046828250903E-01   
   2.1589919871633503E-01   
   2.0990981652002394E-01
   2.0391254675065238E-01   
   1.9790761476168047E-01   
   1.9189524619448404E-01
   1.8587566696987569E-01   
   1.7984910327961593E-01   
   1.7381578157791342E-01
   1.6777592857291612E-01   
   1.6172977121819209E-01   
   1.5567753670420186E-01
   1.4961945244976127E-01   
   1.4355574609349602E-01   
   1.3748664548528805E-01
   1.3141237867771372E-01   
   1.2533317391747448E-01   
   1.1924925963682040E-01
   1.1316086444496653E-01   
   1.0706821711950266E-01   
   1.0097154659779677E-01
   9.4871081968392541E-02   
   8.8767052462401032E-02   
   8.2659687444887167E-02
   7.6549216406251056E-02   
   7.0435868953604698E-02   
   6.4319874802144234E-02
   5.8201463766518233E-02   
   5.2080865752192065E-02   
   4.5958310746809050E-02
   3.9834028811548448E-02   
   3.3708250072480590E-02   
   2.7581204711919784E-02
   2.1453122959774874E-02   
   1.5324235084898186E-02   
   9.1947713864329123E-03
   3.0649621851593974E-03
